157.51
157.35
157.19
157.03
156.87
156.7
156.54
156.38
156.22
156.06
155.9
155.74
155.57
155.41
155.25
155.09
154.93
154.77
154.61
154.45
154.28
154.12
153.96
153.8
153.64
153.48
153.32
153.16
152.99
152.83
152.67
152.51
152.35
152.19
152.03
151.86
151.7
151.54
151.38
151.22
151.06
150.9
150.74
150.57
150.41
150.25
150.09
149.93
149.77
149.61
149.44
149.28
149.12
148.96
148.8
148.64
148.48
148.32
148.15
147.99
147.83
147.67
147.51
147.35
147.19
147.03
146.86
146.7
146.54
146.38
146.22
146.06
145.9
145.73
145.57
145.41
145.25
145.09
144.93
144.77
144.61
144.44
144.28
144.12
143.96
143.8
143.64
143.48
143.32
143.15
142.99
142.83
142.67
142.51
142.35
142.19
142.02
141.86
141.7
141.54
141.38
141.22
141.06
140.9
140.73
140.57
140.41
140.25
140.09
139.93
139.77
139.6
139.44
139.28
139.12
138.96
138.8
138.64
138.48
138.31
138.15
137.99
137.83
137.67
137.51
137.35
137.19
137.02
136.86
136.7
136.54
136.38
136.22
136.06
135.89
135.73
135.57
135.41
135.25
135.09
134.93
134.77
134.6
134.44
134.28
134.12
133.96
133.8
133.64
133.48
133.31
133.15
132.99
132.83
132.67
132.51
132.35
132.18
132.02
131.86
131.7
131.54
131.38
131.22
131.06
130.89
130.73
130.57
130.41
130.25
130.09
129.93
129.77
129.6
129.44
129.28
129.12
128.96
128.8
128.64
128.47
128.31
128.15
127.99
127.83
127.67
127.51
127.35
127.18
127.02
126.86
126.7
126.54
126.38
126.22
126.05
125.89
125.73
125.57
125.41
125.25
125.09
124.93
124.76
124.6
124.44
124.28
124.12
123.96
123.8
123.64
123.47
123.31
123.15
122.99
122.83
122.67
122.51
122.34
122.18
122.02
121.86
121.7
121.54
121.38
121.22
121.05
120.89
120.73
120.57
120.41
120.25
120.09
119.93
119.76
119.6
119.44
119.28
119.12
118.96
118.8
118.63
118.47
118.31
118.15
117.99
117.83
117.67
117.51
117.34
117.18
117.02
116.86
116.7
116.54
116.38
116.21
116.05
115.89
115.73
115.57
115.41
115.25
115.09
114.92
114.76
114.6
114.44
114.28
114.12
113.96
113.8
113.63
113.47
113.31
113.15
112.99
112.83
112.67
112.5
112.34
112.18
112.02
111.86
111.7
111.54
111.38
111.21
111.05
110.89
110.73
110.57
110.41
110.25
110.09
109.92
109.76
109.6
109.44
109.28
109.12
108.96
108.79
108.63
108.47
108.31
108.15
107.99
107.83
107.67
107.5
107.34
107.18
107.02
106.86
106.7
106.54
106.37
106.21
106.05
105.89
105.73
105.57
105.41
105.25
105.08
104.92
104.76
104.6
104.44
104.28
104.12
103.96
103.79
103.63
103.47
103.31
103.15
102.99
102.83
102.66
102.5
102.34
102.18
102.02
101.86
101.7
101.54
101.37
101.21
101.05
100.89
100.73
100.57
100.41
100.25
100.08
99.923
99.761
99.6
99.439
99.277
99.116
98.955
98.793
98.632
98.471
98.309
98.148
97.987
97.825
97.664
97.503
97.342
97.18
97.019
96.858
96.696
96.535
96.374
96.212
96.051
95.89
95.728
95.567
95.406
95.244
95.083
94.922
94.761
94.599
94.438
94.277
94.115
93.954
93.793
93.631
93.47
93.309
93.147
92.986
92.825
92.664
92.502
92.341
92.18
92.018
91.857
91.696
91.534
91.373
91.212
91.05
90.889
90.728
90.566
90.405
90.244
90.083
89.921
89.76
89.599
89.437
89.276
89.115
88.953
88.792
88.631
88.469
88.308
88.147
87.985
87.824
87.663
87.502
87.34
87.179
87.018
86.856
86.695
86.534
86.372
86.211
86.05
85.888
85.727
85.566
85.405
85.243
85.082
84.921
84.759
84.598
84.437
84.275
84.114
83.953
83.791
83.63
83.469
83.307
83.146
82.985
82.824
82.662
82.501
82.34
82.178
82.017
81.856
81.694
81.533
81.372
81.21
81.049
80.888
80.727
80.565
80.404
80.243
80.081
79.92
79.759
79.597
79.436
79.275
79.113
78.952
78.791
78.629
78.468
78.307
78.146
77.984
77.823
77.662
77.5
77.339
77.178
77.016
76.855
76.694
76.532
76.371
76.21
76.048
75.887
75.726
75.565
75.403
75.242
75.081
74.919
74.758
74.597
74.435
74.274
74.113
73.951
73.79
73.629
73.468
73.306
73.145
72.984
72.822
72.661
72.5
72.338
72.177
72.016
71.854
71.693
71.532
71.37
71.209
71.048
70.887
70.725
70.564
70.403
70.241
70.08
69.919
69.757
69.596
69.435
69.273
69.112
68.951
68.789
68.628
68.467
68.306
68.144
67.983
67.822
67.66
67.499
67.338
67.176
67.015
66.854
66.692
66.531
66.37
66.209
66.047
65.886
65.725
65.563
65.402
65.241
65.079
64.918
64.757
64.595
64.434
64.273
64.111
63.95
63.789
63.628
63.466
63.305
63.144
62.982
62.821
62.66
62.498
62.337
62.176
62.014
61.853
61.692
61.531
61.369
61.208
61.047
60.885
60.724
60.563
60.401
60.24
60.079
59.917
59.756
59.595
59.433
59.272
59.111
58.95
58.788
58.627
58.466
58.304
58.143
57.982
57.82
57.659
57.498
57.336
57.175
57.014
56.852
56.691
56.53
56.369
56.207
56.046
55.885
55.723
55.562
55.401
55.239
55.078
54.917
54.755
54.594
54.433
54.272
54.11
53.949
53.788
53.626
53.465
53.304
53.142
52.981
52.82
52.658
52.497
52.336
52.174
52.013
51.852
51.691
51.529
51.368
51.207
51.045
50.884
50.723
50.561
50.4
50.239
50.077
49.916
49.755
49.593
49.432
49.271
49.11
48.948
48.787
48.626
48.464
48.303
48.142
47.98
47.819
47.658
47.496
47.335
47.174
47.013
46.851
46.69
46.529
46.367
46.206
46.045
45.883
45.722
45.561
45.399
45.238
45.077
44.915
44.754
44.593
44.432
44.27
44.109
43.948
43.786
43.625
43.464
43.302
43.141
42.98
42.818
42.657
42.496
42.335
42.173
42.012
41.851
41.689
41.528
41.367
41.205
41.044
40.883
40.721
40.56
40.399
40.237
40.076
39.915
39.754
39.592
39.431
39.27
39.108
38.947
38.786
38.624
38.463
38.302
38.14
37.979
37.818
37.656
37.495
37.334
37.173
37.011
36.85
36.689
36.527
36.366
36.205
36.043
35.882
35.721
35.559
35.398
35.237
35.076
34.914
34.753
34.592
34.43
34.269
34.108
33.946
33.785
33.624
33.462
33.301
33.14
32.978
32.817
32.656
32.495
32.333
32.172
32.011
31.849
31.688
31.527
31.365
31.204
31.043
30.881
30.72
30.559
30.397
30.236
30.075
29.914
29.752
29.591
29.43
29.268
29.107
28.946
28.784
28.623
28.462
28.3
28.139
27.978
27.817
27.655
27.494
27.333
27.171
27.01
26.849
26.687
26.526
26.365
26.203
26.042
25.881
25.719
25.558
25.397
25.236
25.074
24.913
24.752
24.59
24.429
24.268
24.106
23.945
23.784
23.622
23.461
23.3
23.139
22.977
22.816
22.655
22.493
22.332
22.171
22.009
21.848
21.687
21.525
21.364
21.203
21.041
20.88
20.719
20.558
20.396
20.235
20.074
19.912
19.751
19.59
19.428
19.267
19.106
18.944
18.783
18.622
18.46
18.299
18.138
17.977
17.815
17.654
17.493
17.331
17.17
17.009
16.847
16.686
16.525
16.363
16.202
16.041
15.88
15.718
15.557
15.396
15.234
15.073
14.912
14.75
14.589
14.428
14.266
14.105
13.944
13.782
13.621
13.46
13.299
13.137
12.976
12.815
12.653
12.492
12.331
12.169
12.008
11.847
11.685
11.524
11.363
11.201
11.04
10.879
10.718
10.556
10.395
10.234
10.072
9.911
9.7497
9.5884
9.4271
9.2658
9.1045
8.9431
8.7818
8.6205
8.4592
8.2979
8.1366
7.9753
7.814
7.6527
7.4913
7.33
7.1687
7.0074
6.8461
6.6848
6.5235
6.3622
6.2009
6.0395
5.8782
5.7169
5.5556
5.3943
5.233
5.0717
4.9104
4.7491
4.5877
4.4264
4.2651
4.1038
3.9425
3.7812
3.6199
3.4586
3.2973
3.136
2.9746
2.8133
2.652
2.4907
2.3294
2.1681
2.0068
1.8455
1.6842
1.5228
1.3615
1.2002
1.0389
0.8776
0.71629
0.55498
0.39367
0.23235
0.071044
-0.090267
-0.25158
-0.41289
-0.5742
-0.73551
-0.89682
-1.0581
-1.2194
-1.3808
-1.5421
-1.7034
-1.8647
-2.026
-2.1873
-2.3486
-2.5099
-2.6712
-2.8326
-2.9939
-3.1552
-3.3165
-3.4778
-3.6391
-3.8004
-3.9617
-4.123
-4.2844
-4.4457
-4.607
-4.7683
-4.9296
-5.0909
-5.2522
-5.4135
-5.5748
-5.7361
-5.8975
-6.0588
-6.2201
-6.3814
-6.5427
-6.704
-6.8653
-7.0266
-7.1879
-7.3493
-7.5106
