12.752
12.74
12.727
12.714
12.701
12.688
12.675
12.662
12.649
12.637
12.624
12.611
12.598
12.585
12.572
12.559
12.547
12.534
12.521
12.508
12.495
12.482
12.469
12.457
12.444
12.431
12.418
12.405
12.392
12.379
12.367
12.354
12.341
12.328
12.315
12.302
12.289
12.277
12.264
12.251
12.238
12.225
12.212
12.199
12.187
12.174
12.161
12.148
12.135
12.122
12.109
12.097
12.084
12.071
12.058
12.045
12.032
12.019
12.007
11.994
11.981
11.968
11.955
11.942
11.929
11.917
11.904
11.891
11.878
11.865
11.852
11.839
11.827
11.814
11.801
11.788
11.775
11.762
11.749
11.737
11.724
11.711
11.698
11.685
11.672
11.659
11.646
11.634
11.621
11.608
11.595
11.582
11.569
11.556
11.544
11.531
11.518
11.505
11.492
11.479
11.466
11.454
11.441
11.428
11.415
11.402
11.389
11.376
11.364
11.351
11.338
11.325
11.312
11.299
11.286
11.274
11.261
11.248
11.235
11.222
11.209
11.196
11.184
11.171
11.158
11.145
11.132
11.119
11.106
11.094
11.081
11.068
11.055
11.042
11.029
11.016
11.004
10.991
10.978
10.965
10.952
10.939
10.926
10.914
10.901
10.888
10.875
10.862
10.849
10.836
10.824
10.811
10.798
10.785
10.772
10.759
10.746
10.734
10.721
10.708
10.695
10.682
10.669
10.656
10.643
10.631
10.618
10.605
10.592
10.579
10.566
10.553
10.541
10.528
10.515
10.502
10.489
10.476
10.463
10.451
10.438
10.425
10.412
10.399
10.386
10.373
10.361
10.348
10.335
10.322
10.309
10.296
10.283
10.271
10.258
10.245
10.232
10.219
10.206
10.193
10.181
10.168
10.155
10.142
10.129
10.116
10.103
10.091
10.078
10.065
10.052
10.039
10.026
10.013
10.001
9.9877
9.9748
9.962
9.9491
9.9363
9.9234
9.9105
9.8977
9.8848
9.872
9.8591
9.8462
9.8334
9.8205
9.8077
9.7948
9.7819
9.7691
9.7562
9.7434
9.7305
9.7177
9.7048
9.6919
9.6791
9.6662
9.6534
9.6405
9.6276
9.6148
9.6019
9.5891
9.5762
9.5633
9.5505
9.5376
9.5248
9.5119
9.499
9.4862
9.4733
9.4605
9.4476
9.4348
9.4219
9.409
9.3962
9.3833
9.3705
9.3576
9.3447
9.3319
9.319
9.3062
9.2933
9.2804
9.2676
9.2547
9.2419
9.229
9.2162
9.2033
9.1904
9.1776
9.1647
9.1519
9.139
9.1261
9.1133
9.1004
9.0876
9.0747
9.0618
9.049
9.0361
9.0233
9.0104
8.9975
8.9847
8.9718
8.959
8.9461
8.9333
8.9204
8.9075
8.8947
8.8818
8.869
8.8561
8.8432
8.8304
8.8175
8.8047
8.7918
8.7789
8.7661
8.7532
8.7404
8.7275
8.7146
8.7018
8.6889
8.6761
8.6632
8.6504
8.6375
8.6246
8.6118
8.5989
8.5861
8.5732
8.5603
8.5475
8.5346
8.5218
8.5089
8.496
8.4832
8.4703
8.4575
8.4446
8.4318
8.4189
8.406
8.3932
8.3803
8.3675
8.3546
8.3417
8.3289
8.316
8.3032
8.2903
8.2774
8.2646
8.2517
8.2389
8.226
8.2131
8.2003
8.1874
8.1746
8.1617
8.1489
8.136
8.1231
8.1103
8.0974
8.0846
8.0717
8.0588
8.046
8.0331
8.0203
8.0074
7.9945
7.9817
7.9688
7.956
7.9431
7.9303
7.9174
7.9045
7.8917
7.8788
7.866
7.8531
7.8402
7.8274
7.8145
7.8017
7.7888
7.7759
7.7631
7.7502
7.7374
7.7245
7.7116
7.6988
7.6859
7.6731
7.6602
7.6474
7.6345
7.6216
7.6088
7.5959
7.5831
7.5702
7.5573
7.5445
7.5316
7.5188
7.5059
7.493
7.4802
7.4673
7.4545
7.4416
7.4288
7.4159
7.403
7.3902
7.3773
7.3645
7.3516
7.3387
7.3259
7.313
7.3002
7.2873
7.2744
7.2616
7.2487
7.2359
7.223
7.2101
7.1973
7.1844
7.1716
7.1587
7.1459
7.133
7.1201
7.1073
7.0944
7.0816
7.0687
7.0558
7.043
7.0301
7.0173
7.0044
6.9915
6.9787
6.9658
6.953
6.9401
6.9273
6.9144
6.9015
6.8887
6.8758
6.863
6.8501
6.8372
6.8244
6.8115
6.7987
6.7858
6.7729
6.7601
6.7472
6.7344
6.7215
6.7086
6.6958
6.6829
6.6701
6.6572
6.6444
6.6315
6.6186
6.6058
6.5929
6.5801
6.5672
6.5543
6.5415
6.5286
6.5158
6.5029
6.49
6.4772
6.4643
6.4515
6.4386
6.4258
6.4129
6.4
6.3872
6.3743
6.3615
6.3486
6.3357
6.3229
6.31
6.2972
6.2843
6.2714
6.2586
6.2457
6.2329
6.22
6.2071
6.1943
6.1814
6.1686
6.1557
6.1429
6.13
6.1171
6.1043
6.0914
6.0786
6.0657
6.0528
6.04
6.0271
6.0143
6.0014
5.9885
5.9757
5.9628
5.95
5.9371
5.9243
5.9114
5.8985
5.8857
5.8728
5.86
5.8471
5.8342
5.8214
5.8085
5.7957
5.7828
5.7699
5.7571
5.7442
5.7314
5.7185
5.7056
5.6928
5.6799
5.6671
5.6542
5.6414
5.6285
5.6156
5.6028
5.5899
5.5771
5.5642
5.5513
5.5385
5.5256
5.5128
5.4999
5.487
5.4742
5.4613
5.4485
5.4356
5.4228
5.4099
5.397
5.3842
5.3713
5.3585
5.3456
5.3327
5.3199
5.307
5.2942
5.2813
5.2684
5.2556
5.2427
5.2299
5.217
5.2041
5.1913
5.1784
5.1656
5.1527
5.1399
5.127
5.1141
5.1013
5.0884
5.0756
5.0627
5.0498
5.037
5.0241
5.0113
4.9984
4.9855
4.9727
4.9598
4.947
4.9341
4.9213
4.9084
4.8955
4.8827
4.8698
4.857
4.8441
4.8312
4.8184
4.8055
4.7927
4.7798
4.7669
4.7541
4.7412
4.7284
4.7155
4.7026
4.6898
4.6769
4.6641
4.6512
4.6384
4.6255
4.6126
4.5998
4.5869
4.5741
4.5612
4.5483
4.5355
4.5226
4.5098
4.4969
4.484
4.4712
4.4583
4.4455
4.4326
4.4198
4.4069
4.394
4.3812
4.3683
4.3555
4.3426
4.3297
4.3169
4.304
4.2912
4.2783
4.2654
4.2526
4.2397
4.2269
4.214
4.2011
4.1883
4.1754
4.1626
4.1497
4.1369
4.124
4.1111
4.0983
4.0854
4.0726
4.0597
4.0468
4.034
4.0211
4.0083
3.9954
3.9825
3.9697
3.9568
3.944
3.9311
3.9183
3.9054
3.8925
3.8797
3.8668
3.854
3.8411
3.8282
3.8154
3.8025
3.7897
3.7768
3.7639
3.7511
3.7382
3.7254
3.7125
3.6996
3.6868
3.6739
3.6611
3.6482
3.6354
3.6225
3.6096
3.5968
3.5839
3.5711
3.5582
3.5453
3.5325
3.5196
3.5068
3.4939
3.481
3.4682
3.4553
3.4425
3.4296
3.4167
3.4039
3.391
3.3782
3.3653
3.3525
3.3396
3.3267
3.3139
3.301
3.2882
3.2753
3.2624
3.2496
3.2367
3.2239
3.211
3.1981
3.1853
3.1724
3.1596
3.1467
3.1339
3.121
3.1081
3.0953
3.0824
3.0696
3.0567
3.0438
3.031
3.0181
3.0053
2.9924
2.9795
2.9667
2.9538
2.941
2.9281
2.9152
2.9024
2.8895
2.8767
2.8638
2.851
2.8381
2.8252
2.8124
2.7995
2.7867
2.7738
2.7609
2.7481
2.7352
2.7224
2.7095
2.6966
2.6838
2.6709
2.6581
2.6452
2.6324
2.6195
2.6066
2.5938
2.5809
2.5681
2.5552
2.5423
2.5295
2.5166
2.5038
2.4909
2.478
2.4652
2.4523
2.4395
2.4266
2.4137
2.4009
2.388
2.3752
2.3623
2.3495
2.3366
2.3237
2.3109
2.298
2.2852
2.2723
2.2594
2.2466
2.2337
2.2209
2.208
2.1951
2.1823
2.1694
2.1566
2.1437
2.1309
2.118
2.1051
2.0923
2.0794
2.0666
2.0537
2.0408
2.028
2.0151
2.0023
1.9894
1.9765
1.9637
1.9508
1.938
1.9251
1.9122
1.8994
1.8865
1.8737
1.8608
1.848
1.8351
1.8222
1.8094
1.7965
1.7837
1.7708
1.7579
1.7451
1.7322
1.7194
1.7065
1.6936
1.6808
1.6679
1.6551
1.6422
1.6294
1.6165
1.6036
1.5908
1.5779
1.5651
1.5522
1.5393
1.5265
1.5136
1.5008
1.4879
1.475
1.4622
1.4493
1.4365
1.4236
1.4107
1.3979
1.385
1.3722
1.3593
1.3465
1.3336
1.3207
1.3079
1.295
1.2822
1.2693
1.2564
1.2436
1.2307
1.2179
1.205
1.1921
1.1793
1.1664
1.1536
1.1407
1.1279
1.115
1.1021
1.0893
1.0764
1.0636
1.0507
1.0378
1.025
1.0121
0.99926
0.9864
0.97354
0.96068
0.94783
0.93497
0.92211
0.90925
0.89639
0.88353
0.87067
0.85781
0.84495
0.83209
0.81924
0.80638
0.79352
0.78066
0.7678
0.75494
0.74208
0.72922
0.71636
0.7035
0.69065
0.67779
0.66493
0.65207
0.63921
0.62635
0.61349
0.60063
0.58777
0.57491
0.56206
0.5492
0.53634
0.52348
0.51062
0.49776
0.4849
0.47204
0.45918
0.44633
0.43347
0.42061
0.40775
0.39489
0.38203
0.36917
0.35631
0.34345
0.33059
0.31774
0.30488
0.29202
0.27916
0.2663
0.25344
0.24058
0.22772
0.21486
0.202
0.18915
0.17629
0.16343
0.15057
0.13771
0.12485
0.11199
0.099133
0.086274
0.073415
0.060556
0.047697
0.034838
0.021979
0.0091198
-0.0037392
-0.016598
-0.029457
-0.042316
-0.055175
-0.068034
-0.080893
-0.093752
-0.10661
-0.11947
-0.13233
-0.14519
-0.15805
-0.17091
-0.18376
-0.19662
-0.20948
-0.22234
-0.2352
-0.24806
-0.26092
-0.27378
-0.28664
-0.2995
-0.31235
-0.32521
-0.33807
-0.35093
-0.36379
-0.37665
-0.38951
-0.40237
